49
79
71
72
84
64
88
77
68
26
56
62
36
93
39
16
44
40
59
82
70
65
63
81
80
71
80
34
92
39
45
55
58
75
49
41
52
29
93
39
59
58
35
68
95
44
78
65
53
87
85
55
107
74
68
28
42
69
25
68
78
49
35
74
55
56
67
70
78
57
40
43
64
51
36
36
82
51
67
85
27
22
47
67
62
79
39
42
82
68
53
57
30
55
56
67
57
56
71
66
23
62
38
21
68
107
56
34
87
47
28
76
76
79
70
63
58
56
64
63
85
45
62
39
76
21
51
55
64
38
61
88
38
69
77
36
59
70
63
115
29
45
75
50
27
62
40
68
67
78
33
69
35
58
53
66
92
59
81
55
50
58
42
56
42
78
81
